%Time (s)	Counts	Wheel Position (deg)	Slide Position (mm)	Wheel Speed (deg / s)	Slide Speed (mm / s)	%2/18/20215:27 PM
0.000000	41169.929687	1650.464844	150.143372	157.015594	1650.127930
0.010000	41405.929687	1659.925903	159.360062	205.674438	921.669556
0.020000	41689.929687	1671.311157	158.237350	242.240433	-112.271362
0.030000	42013.929687	1684.300049	146.031097	282.366608	-1220.624756
0.040000	42352.929687	1697.890259	125.626434	289.153198	-2040.466797
0.050000	42714.929687	1712.402466	97.871910	315.483673	-2775.452637
0.060000	43093.929687	1727.596191	64.451599	330.299225	-3342.031250
0.070000	43505.929687	1744.112915	27.767580	351.419220	-3668.401611
0.080000	43960.929687	1762.353516	-0.352480	396.533356	-2812.006104
0.090000	44421.929687	1780.834473	-0.443864	401.762360	-9.138367
0.100000	44779.929687	1795.186401	30.443817	311.997681	3088.768066
0.110000	45040.929687	1805.649658	68.811905	227.461990	3836.808594
0.120000	45240.929687	1813.667480	101.070335	174.300385	3225.843506
0.130000	45412.929687	1820.562866	125.300064	146.709000	2422.972656
0.140000	45584.929687	1827.458130	143.850952	149.898331	1855.088501
0.150000	45786.929687	1835.556152	156.122467	176.043381	1227.152100
0.160000	46048.929687	1846.059448	160.195572	228.333496	407.310059
0.170000	46351.929687	1858.206421	153.172089	264.065063	-702.348755
0.180000	46670.929687	1870.994873	137.140778	272.094025	-1603.130615
0.190000	47009.929687	1884.585083	113.837944	295.439148	-2330.283447
0.200000	47352.929687	1898.335693	85.678719	292.565033	-2815.922363
0.210000	47715.929687	1912.887939	52.402008	316.355194	-3327.671143
0.220000	48108.929687	1928.642944	19.295010	342.500244	-3310.699707
0.230000	48540.929687	1945.961426	-3.185374	376.488831	-2248.038330
0.240000	48953.929687	1962.518311	1.749344	352.272186	493.471802
0.250000	49270.929687	1975.226562	30.966009	270.388092	2921.666504
0.260000	49507.929687	1984.727661	64.960732	206.545944	3399.472412
0.270000	49685.929687	1991.863525	93.811867	151.826752	2885.113037
0.280000	49836.929687	1997.916992	116.031151	128.796860	2221.928711
0.290000	49982.929687	2003.769897	134.516754	127.239273	1848.561035
0.300000	50150.929687	2010.504883	149.190369	146.412323	1467.360596
0.310000	50364.929687	2019.083984	158.589828	186.501404	939.946289
0.320000	50633.929687	2029.867920	159.399231	224.665924	80.939819
0.330000	50930.929687	2041.774414	149.712555	258.836060	-968.666870
0.340000	51252.929687	2054.683105	131.736084	280.623596	-1797.647339
0.350000	51581.929687	2067.872314	108.093826	280.623596	-2364.226074
0.360000	51928.929687	2081.783203	78.837997	309.131409	-2925.582764
0.370000	52292.929687	2096.375732	45.208805	304.008911	-3362.918945
0.380000	52697.929687	2112.611816	13.342015	345.448517	-3186.679199
0.390000	53125.929687	2129.770020	-4.686677	373.002808	-1802.869263
0.400000	53529.929687	2145.965820	6.579624	352.086761	1126.630127
0.410000	53837.929687	2158.313477	39.190540	262.711456	3261.091553
0.420000	54057.929687	2167.133057	72.415031	187.651047	3322.449219
0.430000	54227.929687	2173.947998	100.143448	148.155319	2772.841553
0.440000	54374.929687	2179.841309	121.253075	125.385017	2110.962646
0.450000	54527.929687	2185.974854	139.033722	133.339783	1778.065063
0.460000	54706.929687	2193.150879	152.662949	149.498886	1362.922119
0.470000	54936.929687	2202.371338	159.843094	200.445435	718.014526
0.480000	55217.929687	2213.636230	157.310455	244.892029	-253.263306
0.490000	55530.929687	2226.184082	144.869232	266.976257	-1244.123413
0.500000	55853.929687	2239.133057	125.195625	281.495117	-1967.359863
0.510000	56192.929687	2252.723145	99.125168	295.439148	-2607.045410
0.520000	56543.929687	2266.794434	68.315819	299.388702	-3080.935059
0.530000	56920.929687	2281.907959	33.929451	321.565643	-3438.636963
0.540000	57336.929687	2298.585205	4.673622	354.831055	-2925.582764
0.550000	57763.929687	2315.703125	-4.451690	372.131317	-912.531189
0.560000	58128.929687	2330.335693	14.869429	318.098175	1932.111816
0.570000	58399.929687	2341.199707	48.067810	236.177017	3319.838135
0.580000	58602.929687	2349.337891	80.117371	176.914886	3204.955811
0.590000	58761.929687	2355.711914	105.508972	138.568802	2539.160400
0.600000	58913.929687	2361.805664	126.318336	132.468292	2080.936768
0.610000	59071.929687	2368.139648	143.132935	137.697296	1681.459473
0.620000	59270.929687	2376.117432	155.717773	169.738907	1258.483643
0.630000	59528.929687	2386.460449	160.247787	215.478836	453.001892
0.640000	59822.929687	2398.246582	154.125092	256.221558	-612.270569
0.650000	60144.929687	2411.155273	138.602921	280.623596	-1552.216919
0.660000	60479.929687	2424.585205	116.031151	285.741364	-2257.176514
0.670000	60825.929687	2438.455811	87.884979	295.123901	-2814.616943
0.680000	61186.929687	2452.927979	56.148739	307.918304	-3173.624268
0.690000	61584.929687	2468.883545	20.992134	346.857758	-3515.660400
0.700000	62019.929687	2486.322266	-2.624017	371.037292	-2361.614990
0.710000	62440.929687	2503.199707	1.227152	359.095856	385.116882
0.720000	62764.929687	2516.188721	30.065228	282.366608	2883.807373
0.730000	63003.929687	2525.770020	64.477707	203.857269	3441.247803
0.740000	63179.929687	2532.825684	93.002464	150.120834	2852.475830
0.750000	63332.929687	2538.959229	115.730888	136.302902	2272.842285
0.760000	63484.929687	2545.052734	134.777863	129.649811	1904.696777
0.770000	63653.929687	2551.827881	149.333969	144.150116	1455.611328
0.780000	63872.929687	2560.607422	158.811768	190.858917	947.779175
0.790000	64150.929687	2571.752197	159.072861	237.122681	26.109619
0.800000	64463.929687	2584.300049	147.271317	272.780090	-1180.154785
0.810000	64789.929687	2597.369141	129.516769	278.064728	-1775.454102
0.820000	65136.929687	2611.280029	102.989395	302.411163	-2652.737305
0.830000	65496.929687	2625.711914	72.898056	307.065338	-3009.133545
0.840000	65879.929687	2641.066162	37.911167	326.683411	-3498.688965
0.850000	66295.929687	2657.743164	7.114872	362.544800	-3079.629639
0.860000	66741.929687	2675.623047	-4.778060	388.689850	-1189.293213
0.870000	67125.929687	2691.017090	14.516949	327.536377	1929.500854
0.880000	67410.929687	2702.442627	49.477730	248.378036	3496.078125
0.890000	67621.929687	2710.901367	82.898041	179.974411	3342.031250
0.900000	67786.929687	2717.516113	108.733513	140.738281	2583.546875
0.910000	67940.929687	2723.689697	129.268723	134.211288	2053.521484
0.920000	68108.929687	2730.424805	145.887497	143.297165	1661.877319
0.930000	68312.929687	2738.602783	157.179916	177.786392	1129.241089
0.940000	68571.929687	2748.986084	160.025864	225.718994	284.594849
0.950000	68868.929687	2760.892334	152.532394	253.328903	-749.346069
0.960000	69196.929687	2774.041748	135.495865	285.852631	-1703.652710
0.970000	69540.929687	2787.832275	111.448914	299.796661	-2404.696045
0.980000	69891.929687	2801.903564	82.480286	299.388702	-2896.862305
0.990000	70258.929687	2816.616211	48.877209	319.841187	-3360.308105
1.000000	70667.929687	2833.012695	15.287182	364.365265	-3359.002686
1.010000	71118.929687	2851.092773	-4.503910	384.684631	-1979.109131
1.020000	71536.929687	2867.850098	6.762392	356.536987	1126.630127
1.030000	71842.929687	2880.117432	39.516911	266.679565	3275.451904
1.040000	72073.929687	2889.377930	74.738785	201.316940	3522.187744
1.050000	72244.929687	2896.233154	102.506371	145.856033	2776.758057
1.060000	72401.929687	2902.527100	124.399284	136.825790	2189.291504
1.070000	72563.929687	2909.021729	142.153824	144.320709	1775.454102
1.080000	72758.929687	2916.838867	155.051971	166.327057	1289.815186
1.090000	73014.929687	2927.101807	160.352234	218.357574	530.025269
1.100000	73313.929687	2939.088379	154.503677	255.034836	-584.855469
1.110000	73640.929687	2952.197510	138.864014	278.917694	-1563.966187
1.120000	73977.929687	2965.707520	116.448906	293.696136	-2241.510742
1.130000	74333.929687	2979.979248	87.649994	310.254669	-2879.891113
1.140000	74703.929687	2994.812256	53.785816	315.594940	-3386.417725
1.150000	75105.929687	3010.927979	20.300230	342.889648	-3348.558838
1.160000	75543.929687	3028.487061	-3.224538	390.200439	-2352.476807
1.170000	75971.929687	3045.645264	2.584852	373.002808	580.939026
1.180000	76297.929687	3058.714355	33.720573	278.064728	3113.572266
1.190000	76535.929687	3068.255371	68.681351	203.004318	3496.078125
1.200000	76716.929687	3075.511475	98.054680	161.247223	2937.332275
1.210000	76876.929687	3081.925781	121.448898	136.473480	2339.421875
1.220000	77031.929687	3088.139648	139.425369	135.082794	1797.647339
1.230000	77216.929687	3095.556152	153.224304	161.227844	1379.893433
1.240000	77452.929687	3105.017090	159.986694	201.298401	676.239136
1.250000	77736.929687	3116.402344	156.957977	247.506531	-302.871582
1.260000	78051.929687	3129.030518	143.890121	274.523102	-1306.786499
1.270000	78388.929687	3142.540527	122.832703	293.696136	-2105.740723
1.280000	78738.929687	3156.571777	95.417603	305.025665	-2741.510010
1.290000	79097.929687	3170.963623	63.550816	306.212372	-3186.679199
1.300000	79493.929687	3186.838867	28.394211	345.114746	-3515.660400
1.310000	79924.929687	3204.117432	0.835508	367.625458	-2755.870361
1.320000	80372.929687	3222.077393	-1.971276	390.432831	-280.678406
1.330000	80728.929687	3236.349121	25.013016	310.254669	2698.429199
1.340000	80987.929687	3246.732178	61.044292	220.916458	3603.127441
1.350000	81179.929687	3254.429199	92.323616	167.328369	3127.932373
1.360000	81341.929687	3260.923584	116.488068	141.183304	2416.445312
1.370000	81499.929687	3267.257812	135.991959	134.767563	1950.388550
1.380000	81675.929687	3274.313477	150.730835	153.384338	1473.888062
1.390000	81906.929687	3283.573975	159.438385	201.316940	870.755798
1.400000	82192.929687	3295.039551	158.106796	249.249542	-133.159058
1.410000	82505.929687	3307.587402	146.331360	266.976257	-1177.543823
1.420000	82841.929687	3321.057129	126.057243	292.824646	-2027.411987
1.430000	83192.929687	3335.128418	99.281830	299.388702	-2677.541504
1.440000	83559.929687	3349.841309	67.271439	313.036072	-3201.039307
1.450000	83953.929687	3365.636230	31.827627	336.065948	-3544.380859
1.460000	84382.929687	3382.834473	2.728455	373.874298	-2909.916992
1.470000	84834.929687	3400.954834	-3.159264	393.918854	-588.771912
1.480000	85201.929687	3415.667480	22.140957	313.036072	2530.022217
1.490000	85472.929687	3426.531738	58.746643	231.151962	3660.568604
1.500000	85675.929687	3434.669678	91.305344	176.914886	3255.869629
1.510000	85846.929687	3441.524902	116.762222	145.856033	2545.687988
1.520000	86008.929687	3448.019287	136.866623	135.300674	2010.440674
1.530000	86192.929687	3455.395752	151.644669	160.356354	1477.804443
1.540000	86430.929687	3464.937012	159.790878	203.004318	814.620117
1.550000	86718.929687	3476.482666	157.427948	245.652283	-236.292053
